  lr: 0.0005
  patience: 50
  factor: 0.9
  min_lr: 0.00001
  eps: 0.000001
  epochs: 70