  lr: 0.001
  patience: 200
  factor: 0.9
  min_lr: 0.000001
  eps: 0.00000001
  epochs: 100