  lr: 0.001
  patience: 50
  factor: 0.09
  min_lr: 0.00001
  eps: 0.000001
  epochs: 200